1.000000 -1.992055 0.997689 0.019679 0.004617
1.100000 -1.988641 0.996761 0.023048 0.005879
1.200000 -1.986476 0.996488 0.023222 0.005842
1.300000 -1.978014 0.994207 0.031656 0.008886
1.400000 -1.933389 0.252137 0.071627 0.668876
1.500000 -1.948304 0.985832 0.053991 0.018757
1.600000 -1.925040 0.978915 0.067318 0.026079
1.700000 -1.852006 0.213442 0.103499 0.561437
1.800000 -1.854584 0.956159 0.097432 0.047644
1.900000 -1.803241 0.937690 0.113762 0.063547
2.000000 -1.736908 0.911302 0.130653 0.084764
2.100000 -1.650751 0.871489 0.147487 0.114527
2.200000 -1.531889 0.799761 0.164313 0.163810
2.300000 -1.336786 0.529946 0.180895 0.312677
2.400000 -1.132618 0.010241 0.181693 0.416623
2.500000 -1.014667 0.001910 0.172047 0.399999
2.600000 -0.925226 0.000580 0.160735 0.384615
2.700000 -0.855795 0.001188 0.149356 0.370370
2.800000 -0.793449 0.000715 0.138690 0.357143
2.900000 -0.743542 0.000327 0.128798 0.344828
3.000000 -0.700565 0.000341 0.119785 0.333333
3.100000 -0.661676 0.000041 0.111565 0.322581
3.200000 -0.625205 0.000035 0.104034 0.312500
3.300000 -0.596362 0.000037 0.097336 0.303030
3.400000 -0.567960 0.000223 0.091136 0.294118
3.500000 -0.542718 0.000153 0.085525 0.285714
3.600000 -0.522170 0.000020 0.080517 0.277778
3.700000 -0.499684 0.000033 0.075770 0.270270
3.800000 -0.480176 0.000150 0.071463 0.263158
3.900000 -0.462075 0.000061 0.067522 0.256410
4.000000 -0.445735 0.000112 0.063935 0.250000
4.100000 -0.429980 0.000208 0.060598 0.243902
4.200000 -0.415606 0.000093 0.057499 0.238095
4.300000 -0.401706 0.000032 0.054634 0.232558
4.400000 -0.390408 0.000140 0.052074 0.227273
4.500000 -0.376977 0.000083 0.049541 0.222222
4.600000 -0.367105 0.000120 0.047324 0.217391
4.700000 -0.355616 0.000031 0.045155 0.212766
4.800000 -0.346021 0.000016 0.043203 0.208333
4.900000 -0.335964 0.000033 0.041310 0.204082
5.000000 -0.326881 0.000071 0.039574 0.200000